2.384161987304687500e+02
1.497785491943359375e+02
9.567472839355468750e+01
6.264974975585937500e+01
4.249102020263671875e+01
3.018563270568847656e+01
2.267380905151367188e+01
1.808790969848632812e+01
1.528795528411865234e+01
1.357811546325683594e+01
1.253366184234619141e+01
1.189535999298095703e+01
1.150496673583984375e+01
1.126589870452880859e+01
1.111919689178466797e+01
1.102887916564941406e+01
1.097298049926757812e+01
1.093809318542480469e+01
1.091603374481201172e+01
1.090180873870849609e+01
1.089236736297607422e+01
1.088584995269775391e+01
1.088111782073974609e+01
1.087748146057128906e+01
1.087451553344726562e+01
1.087196254730224609e+01
1.086966419219970703e+01
1.086752319335937500e+01
1.086548233032226562e+01
1.086350631713867188e+01
1.086156940460205078e+01
1.085966396331787109e+01
1.085777664184570312e+01
1.085590553283691406e+01
1.085404682159423828e+01
1.085219764709472656e+01
1.085035896301269531e+01
1.084852790832519531e+01
1.084670257568359375e+01
1.084488773345947266e+01
1.084307861328125000e+01
1.084127902984619141e+01
1.083948516845703125e+01
1.083769989013671875e+01
1.083592033386230469e+01
1.083414840698242188e+01
1.083238315582275391e+01
1.083062648773193359e+01
1.082887363433837891e+01
1.082713031768798828e+01
1.082539272308349609e+01
1.082366466522216797e+01
1.082194137573242188e+01
1.082022476196289062e+01
1.081851577758789062e+01
1.081681251525878906e+01
1.081511688232421875e+01
1.081342792510986328e+01
1.081174659729003906e+01
1.081007194519042969e+01
1.080840110778808594e+01
1.080673980712890625e+01
1.080508518218994141e+01
1.080343627929687500e+01
1.080179309844970703e+01
1.080015754699707031e+01
1.079852771759033203e+01
1.079690551757812500e+01
1.079528903961181641e+01
1.079368019104003906e+01
1.079207611083984375e+01
1.079047966003417969e+01
1.078888893127441406e+01
1.078730583190917969e+01
1.078572750091552734e+01
1.078415489196777344e+01
1.078258991241455078e+01
1.078103065490722656e+01
1.077947902679443359e+01
1.077793216705322266e+01
1.077639198303222656e+01
1.077485752105712891e+01
1.077332878112792969e+01
1.077180671691894531e+01
1.077029132843017578e+01
1.076878070831298828e+01
1.076727771759033203e+01
1.076577854156494141e+01
1.076428794860839844e+01
1.076280117034912109e+01
1.076132202148437500e+01
1.075984573364257812e+01
1.075837898254394531e+01
1.075691604614257812e+01
1.075545978546142578e+01
1.075401020050048828e+01
1.075256347656250000e+01
1.075112533569335938e+01
1.074969387054443359e+01
1.074826431274414062e+01
